ISS (ZARYA)             
1 25544U 98067A   23234.41126920  .00013845  00000+0  25401-3 0  9994
2 25544  51.6434   0.4670 0003966 334.5030  92.1262 15.49558270412065
ISS DEB                 
1 47853U 98067RZ  23233.50052710  .00035338  00000+0  26754-3 0  9998
2 47853  51.6362 325.3404 0000689  25.0911 335.0121 15.72040149139072
CSS (TIANHE)            
1 48274U 21035A   23234.10179637  .00029646  00000+0  34469-3 0  9999
2 48274  41.4730 115.2078 0009696 211.5744 148.4514 15.61018931132136
ISS (NAUKA)             
1 49044U 21066A   23208.61713421  .00015820  00000+0  28372-3 0  9996
2 49044  51.6413 128.2059 0000549  66.5420 356.2728 15.50089259408066
FREGAT DEB              
1 49271U 11037PF  23232.06472802  .00003609  00000+0  12378-1 0  9995
2 49271  51.6089 125.1121 0909633 208.9871 145.7405 12.04922831 98603
CSS (WENTIAN)           
1 53239U 22085A   23208.56879338  .00018785  00000+0  22544-3 0  9991
2 53239  41.4743 270.5473 0007842   9.6907 350.4082 15.60421193128147
CSS (MENGTIAN)          
1 54216U 22143A   23208.56879338  .00018785  00000+0  22544-3 0  9992
2 54216  41.4743 270.5473 0007842   9.6907 350.4082 15.60421193128143
TIANZHOU-5              
1 54237U 22152A   23208.56879338  .00018785  00000+0  22544-3 0  9995
2 54237  41.4743 270.5473 0007842   9.6907 350.4082 15.60421193128146
SPORT                   
1 55129U 98067UW  23233.50837191  .00146740  00000+0  70199-3 0  9999
2 55129  51.6277 341.7218 0007200 343.2184  16.8579 15.81779187 36832
OPTIMAL-1               
1 55183U 98067VA  23233.39098961  .05183587  12307-4  74211-3 0  9992
2 55183  51.6347 331.0564 0010608 323.4939  36.5361 16.33792705 35689
ISS DEB (SPX-26 IPA FSE)
1 55448U 98067VB  23232.75504834  .00061876  00000+0  56295-3 0  9991
2 55448  51.6362 355.5463 0006929 338.9143  21.1567 15.67317125 31362
SOYUZ-MS 23             
1 55688U 23024A   23208.61713421  .00015820  00000+0  28372-3 0  9993
2 55688  51.6413 128.2059 0000549  66.5420 356.2728 15.50089259408067
CREW DRAGON 6           
1 55740U 23027A   23208.61713421  .00015820  00000+0  28372-3 0  9995
2 55740  51.6413 128.2059 0000549  66.5420 356.2728 15.50089259408066
ARKSAT 1                
1 56311U 98067VC  23233.07204511  .00108296  00000+0  97794-3 0  9993
2 56311  51.6369 359.9138 0008262 321.3030  38.7374 15.67253483 18506
AURORASAT               
1 56312U 98067VD  23233.61423446  .00156577  00000+0  11789-2 0  9998
2 56312  51.6347 356.0194 0009519 320.6921  39.3385 15.71460150 18639
EX-ALTA-2               
1 56313U 98067VE  23233.06931044  .00110808  00000+0  99364-3 0  9999
2 56313  51.6340 359.8810 0008213 320.0332  40.0059 15.67416074 18525
LIGHTCUBE               
1 56314U 98067VF  23233.57507266  .00143783  00000+0  11307-2 0  9999
2 56314  51.6342 356.5057 0009877 313.7148  46.3030 15.70462025 18648
NEUDOSE                 
1 56315U 98067VG  23233.93090182  .00067298  00000+0  74121-3 0  9994
2 56315  51.6362 357.3943 0008113 316.5838  43.4517 15.62457516 18618
YUKONSAT                
1 56316U 98067VH  23233.08324442  .00091604  00000+0  90466-3 0  9998
2 56316  51.6363   0.7318 0008568 311.5396  48.4864 15.65095552 18513
ISS DEB                 
1 56434U 98067VJ  23233.07710088  .00066219  00000+0  77535-3 0  9999
2 56434  51.6384   2.9564 0007462 327.5188  32.5346 15.60887061 17036
TIANZHOU-6              
1 56446U 23063A   23208.56879338  .00018785  00000+0  22544-3 0  9991
2 56446  41.4743 270.5473 0007842   9.6907 350.4082 15.60421193128140
PROGRESS-MS 23          
1 56740U 23071A   23208.61713421  .00015820  00000+0  28372-3 0  9995
2 56740  51.6413 128.2059 0000549  66.5420 356.2728 15.50089259408067
SHENZHOU-16 (SZ-16)     
1 56761U 23077A   23208.56879338  .00018785  00000+0  22544-3 0  9996
2 56761  41.4743 270.5473 0007842   9.6907 350.4082 15.60421193128140
ISS DEB                 
1 57212U 98067VP  23233.62470766  .00029001  00000+0  45813-3 0  9993
2 57212  51.6406   3.6100 0005500 300.9588  59.0861 15.53232976  8880
1998-067VQ              
1 57312U 98067VQ  23233.22736315  .00059188  00000+0  87467-3 0  9995
2 57312  51.6406   5.4570 0003609  10.9669 349.1400 15.54744430  7120
1998-067VR              
1 57313U 98067VR  23233.61713666  .00049541  00000+0  74249-3 0  9999
2 57313  51.6411   3.5593 0001352   6.0250 354.0756 15.54439899  7192
1998-067VS              
1 57314U 98067VS  23233.89893326  .00099288  00000+0  13142-2 0  9999
2 57314  51.6379   1.6883 0004468 333.8689  26.2076 15.57494869  7234
1998-067VT              
1 57315U 98067VT  23233.35413228  .00059576  00000+0  87642-3 0  9993
2 57315  51.6403   4.8028 0004033  10.5293 349.5782 15.54863964  7156
MOONLIGHTER             
1 57316U 98067VU  23233.08142168  .00089022  00000+0  12283-2 0  9993
2 57316  51.6399   5.9817 0004420 337.9332  22.1469 15.56428984  7101
1998-067VV              
1 57317U 98067VV  23233.07950523  .00079165  00000+0  11020-2 0  9990
2 57317  51.6414   5.9724 0004688 354.2188   5.8748 15.56240743  7107
MAYA-5                  
1 57419U 98067VW  23233.95297796  .00072792  00000+0  10690-2 0  9997
2 57419  51.6401   2.0491 0007165 323.1731  36.8767 15.54806879  5241
MAYA-6                  
1 57420U 98067VX  23232.79594793  .00072892  00000+0  10785-2 0  9993
2 57420  51.6395   7.8209 0006934 317.5307  42.5147 15.54603597  5062
2023-110A               
1 57488U 23110A   23215.65015666  .00160216  19653-4  39052-3 0  9993
2 57488  51.6349  93.4730 0125016 163.5853 278.4345 15.83562888   258