NOAA 15                 
1 25338U 98030A   23202.74035422  .00000276  00000+0  13285-3 0  9993
2 25338  98.6040 231.2035 0009822 206.9565 153.1106 14.26356282310189
DMSP 5D-3 F15 (USA 147) 
1 25991U 99067A   23202.73893369  .00000192  00000+0  11883-3 0  9999
2 25991  99.0701 206.6878 0010803 132.5188 282.5238 14.16763812220329
DMSP 5D-3 F16 (USA 172) 
1 28054U 03048A   23202.75813858  .00000075  00000+0  63662-4 0  9996
2 28054  99.0124 201.2711 0006185 270.2497 142.3246 14.13825337 19448
NOAA 18                 
1 28654U 05018A   23202.69361205  .00000263  00000+0  16487-3 0  9999
2 28654  98.9088 276.9162 0013164 282.9260  77.0441 14.12972995936444
METEOSAT-9 (MSG-2)      
1 28912U 05049B   23201.78093067  .00000128  00000+0  00000+0 0  9997
2 28912   6.9201  63.5179 0002187 189.5703  12.1453  1.00266849 64422
EWS-G1 (GOES 13)        
1 29155U 06018A   23202.13268001  .00000036  00000+0  00000+0 0  9994
2 29155   1.6076  91.4269 0003905  91.4069 225.3718  1.00281012 62866
DMSP 5D-3 F17 (USA 191) 
1 29522U 06050A   23202.75775454  .00000090  00000+0  69994-4 0  9993
2 29522  98.7528 215.0700 0009497 198.2207 161.8627 14.14265600862347
FENGYUN 3A              
1 32958U 08026A   23202.34205928  .00000179  00000+0  10625-3 0  9998
2 32958  98.5566 154.9594 0007922 316.9617  43.0939 14.18891676784905
FENGYUN 2E              
1 33463U 08066A   23201.90531422 -.00000205  00000+0  00000+0 0  9999
2 33463   6.7936  62.7621 0000320 238.4333  49.9700  1.00274625 53449
NOAA 19                 
1 33591U 09005A   23202.74249310  .00000238  00000+0  15257-3 0  9999
2 33591  99.0974 249.2179 0014552 142.7954 217.4228 14.12790015744825
GOES 14                 
1 35491U 09033A   23202.13509757 -.00000061  00000+0  00000+0 0  9999
2 35491   0.4129 102.6161 0005187 342.8378 153.2103  1.00272557 51508
DMSP 5D-3 F18 (USA 210) 
1 35951U 09057A   23202.73977109  .00000351  00000+0  20802-3 0  9999
2 35951  98.7690 178.4299 0011907  35.3150 324.8810 14.13804701709527
GOES 15                 
1 36411U 10008A   23201.63196528 -.00000063  00000+0  00000+0 0  9990
2 36411   0.4361  95.3553 0001407  80.8623 161.0879  0.99990332 48996
COMS 1                  
1 36744U 10032A   23201.81382431 -.00000342  00000+0  00000+0 0  9996
2 36744   2.0844  88.3513 0000755  41.9125 229.1610  1.00270758 48004
FENGYUN 3B              
1 37214U 10059A   23202.73703834  .00000110  00000+0  81830-4 0  9991
2 37214  99.0828 220.6895 0021370 310.6333 177.7046 14.14357632657397
SUOMI NPP               
1 37849U 11061A   23202.77191571  .00000121  00000+0  78095-4 0  9993
2 37849  98.7046 140.9031 0001325 104.7477 285.1773 14.19548284607840
FENGYUN 2F              
1 38049U 12002A   23202.82142781 -.00000353  00000+0  00000+0 0  9991
2 38049   4.7700  76.3667 0002895  80.0524 190.5870  1.00280925 42241
METEOSAT-10 (MSG-3)     
1 38552U 12035B   23201.61874713 -.00000007  00000+0  00000+0 0  9995
2 38552   2.2400  56.4694 0000252  11.4531  92.4879  1.00273970 40564
METOP-B                 
1 38771U 12049A   23202.74796490  .00000167  00000+0  96314-4 0  9997
2 38771  98.6766 261.5420 0000903  94.1368  69.9671 14.21512891562457
FENGYUN 3C              
1 39260U 13052A   23202.72443789  .00000129  00000+0  86026-4 0  9991
2 39260  98.4277 215.0081 0010642 197.4120 162.6691 14.16055642508416
METEOR-M 2              
1 40069U 14037A   23202.77820306  .00000174  00000+0  99824-4 0  9993
2 40069  98.4235 207.1463 0004591 235.0303 125.0444 14.20795333468566
HIMAWARI-8              
1 40267U 14060A   23202.79146747 -.00000270  00000+0  00000+0 0  9992
2 40267   0.0204  58.9804 0000715  52.4407 253.4613  1.00268432 32225
FENGYUN 2G              
1 40367U 14090A   23201.84335775 -.00000300  00000+0  00000+0 0  9996
2 40367   2.9386  85.3163 0001406  82.8134 173.5188  1.00273785 31384
METEOSAT-11 (MSG-4)     
1 40732U 15034A   23201.62066476  .00000066  00000+0  00000+0 0  9994
2 40732   0.6483  47.2435 0001287   6.7887 117.0703  1.00263462 29350
ELEKTRO-L 2             
1 41105U 15074A   23202.40421785 -.00000112  00000+0  00000+0 0  9991
2 41105   3.9928  83.4520 0001674 104.9780 241.4967  1.00272252 27860
HIMAWARI-9              
1 41836U 16064A   23201.78035576 -.00000272  00000+0  00000+0 0  9998
2 41836   0.0190  66.5104 0001355  97.5068 195.9621  1.00267143 24659
GOES 16                 
1 41866U 16071A   23202.53548757 -.00000243  00000+0  00000+0 0  9991
2 41866   0.0003 253.4759 0000301 280.6560 242.4657  1.00271390 24454
FENGYUN 4A              
1 41882U 16077A   23202.81389257 -.00000324  00000+0  00000+0 0  9994
2 41882   0.0743  65.6905 0002297  84.4398 186.7301  1.00279070 24330
CYGFM05                 
1 41884U 16078A   23202.10598245  .00005603  00000+0  25046-3 0  9993
2 41884  34.9532 232.2836 0012587  67.9339 292.2710 15.20610292365509
CYGFM04                 
1 41885U 16078B   23202.07248681  .00005885  00000+0  25775-3 0  9997
2 41885  34.9463 219.3175 0011085  90.4573 269.7410 15.21308799365624
CYGFM02                 
1 41886U 16078C   23202.11919112  .00005875  00000+0  25745-3 0  9993
2 41886  34.9563 221.3694 0011785  82.9933 277.2120 15.21287308365622
CYGFM01                 
1 41887U 16078D   23202.16235291  .00005078  00000+0  22866-3 0  9994
2 41887  34.9504 235.0156 0013074  67.4031 292.8064 15.20379401365471
CYGFM08                 
1 41888U 16078E   23201.42173285  .00004892  00000+0  21671-3 0  9993
2 41888  34.9474 230.2630 0012163  76.1827 284.0238 15.20953771365429
CYGFM07                 
1 41890U 16078G   23202.41030128  .00005828  00000+0  25469-3 0  9993
2 41890  34.9489 216.8290 0010680  90.7842 269.4095 15.21390455365671
CYGFM03                 
1 41891U 16078H   23202.16312889  .00005771  00000+0  25353-3 0  9992
2 41891  34.9525 219.1954 0010272  85.9411 274.2476 15.21217140365622
FENGYUN 3D              
1 43010U 17072A   23202.75162023  .00000136  00000+0  86243-4 0  9996
2 43010  98.8628 151.3931 0001324 157.6305 202.4929 14.19183931294408
NOAA 20                 
1 43013U 17073A   23202.80109070  .00000123  00000+0  79069-4 0  9993
2 43013  98.7126 140.7281 0001414  67.0931 293.0395 14.19547178293883
GOES 17                 
1 43226U 18022A   23202.42426959 -.00000086  00000+0  00000+0 0  9993
2 43226   0.0096 285.4052 0002119 194.0434 227.4847  1.00272531 19788
FENGYUN 2H              
1 43491U 18050A   23201.99283005 -.00000123  00000+0  00000+0 0  9994
2 43491   2.1614  90.6311 0002934  79.1146 205.1356  1.00275730 18863
METOP-C                 
1 43689U 18087A   23202.75277265  .00000163  00000+0  94535-4 0  9993
2 43689  98.6811 261.7006 0002133 348.8150  11.2980 14.21509108244030
GEO-KOMPSAT-2A          
1 43823U 18100A   23200.98174400 -.00000342  00000+0  00000+0 0  9998
2 43823   0.0291 175.2089 0001869 289.6485 314.3143  1.00269397 17006
METEOR-M2 2             
1 44387U 19038A   23202.74663804  .00000049  00000+0  40923-4 0  9998
2 44387  98.7776 166.5847 0001343 147.1026 213.0236 14.23793162210223
FENGYUN 3E              
1 49008U 21062A   23202.75759633  .00000021  00000+0  30565-4 0  9991
2 49008  98.7220 203.6672 0000364 261.4510  98.6624 14.19688435105964
GOES 18                 
1 51850U 22021A   23202.60628906  .00000102  00000+0  00000+0 0  9993
2 51850   0.0279 202.5533 0000227 283.7495 254.0509  1.00272302  5162
NOAA 21 (JPSS-2)        
1 54234U 22150A   23201.83007940  .00000113  00000+0  74237-4 0  9998
2 54234  98.7165 139.2566 0001116  65.5201 294.6092 14.19564390 35828
METEOSAT-12             
1 54743U 22170C   23201.61813698 -.00000025  00000+0  00000+0 0  9991
2 54743   0.6509 311.5589 0002429 141.0956  64.7249  1.00275017  2311
METEOR-M2 3             
1 57166U 23091A   23203.06814867 -.00000044  00000+0  38116-6 0  9993
2 57166  98.7619 254.8256 0004219  26.8516 333.2884 14.23834207  3506